    3794901
    3758562
    3773025
    3791001
    3869031
    3896081
    3917855
    3978143
    3903983
    4223778
    4230322
    4027959
    3941299
    3923270
    3933929
    3952423
    3853629
    4012263
    3936904
    4064299
    4037599
    3764802
    3555718
    3489233
    3409873
    3421099
    3328203
    3434987
    3450602
    4087176
    3999004
    3810183
    3774385
    3840938
    4086860
    4288078
    4349620
    4469476
    4290207
    4782575
    4666685
    4493582
    4487560
    4424004
    4407398
    4268017
    4033859
    3958468
    3681489
    3863960
    3720935
    3504329
    3475657
    3754218
    2769220
    2749739
    2786795
    2947472
    2404462
    2418766
    2259141
    2179759
    2132873
    2030730
    2051769
    2033933
    1862107
    1849893
    1788769
    1875238
    1843087
    1784744
    1802080
    1674285
    1621378
    1610943
    1530137
    1450062
    1456186
    1367231
    1172978
    1065672
     963587
     890893
     807104
